    1    1.07110    2.00000 C
    2   -0.79469    2.00000 C
    3    0.07267    2.00000 C
    4   -1.18660    2.00000 C
    5   -0.25116    2.00000 C
    6   -1.39037    2.00000 C
    7   -0.42750    2.00000 C
    8   -0.69693    2.00000 C
    9    0.11682    2.00000 C
   10   -0.47106    2.00000 C
   11   -0.31530    2.00000 H
   12   -0.89621    2.00000 H
   13    0.30852    2.00000 H
   14   -0.70049    2.00000 H
   15   -0.92383    2.00000 T
   16   -1.52926    2.00000 T
   17   -0.20289    2.00000 S
   18   -1.31846    2.00000 S
   19    1.51103    2.00000 S
   20    0.74776    2.00000 S
   21    1.41149    2.00000 S
   22   -0.66273    2.00000 S
   23   -1.87603    2.00000 T
   24   -0.48833    2.00000 T
   25   -0.34090    2.00000 S
   26    0.93596    2.00000 S
   27   -2.03292    2.00000 S
   28   -0.67953    2.00000 S
   29    1.46519    2.00000 S
   30    1.11307    2.00000 S
   31    0.36079    2.00000 S
   32   -0.01862    2.00000 S
   33   -0.87039    2.00000 T
   34    0.48041    2.00000 T
   35    0.68461    2.00000 S
   36   -0.36943    2.00000 S
   37    1.26879    2.00000 S
   38   -0.42745    2.00000 S
   39    1.00852    2.00000 S
   40   -0.61640    2.00000 H
   41   -1.54651    2.00000 H
   42   -2.09031    2.00000 H
   43   -2.41063    2.00000 H
   44   -0.23763    2.00000 C
   45    0.28833    2.00000 C
   46    0.68703    2.00000 T
   47   -1.36376    2.00000 T
   48   -0.98544    2.00000 H
   49   -0.97876    2.00000 H
   50   -1.91319    2.00000 H
   51    0.20879    2.00000 C
   52   -2.09224    2.00000 C
   53    1.46181    2.00000 C
   54   -0.23731    2.00000 H
   55   -0.50974    2.00000 H
   56    0.29875    2.00000 H
   57    0.65377    2.00000 H
   58    0.21924    2.00000 H
   59   -0.60919    2.00000 H
   60   -1.08428    2.00000 T
   61   -0.16688    2.00000 C
   62    0.15598    2.00000 C
   63   -1.29542    2.00000 H
   64   -0.78697    2.00000 H
   65   -1.98836    2.00000 H
   66    1.39077    2.00000 S
   67   -0.46059    2.00000 S
   68   -0.00662    2.00000 S
   69    0.97331    2.00000 S
   70    0.40192    2.00000 S
   71   -1.40755    2.00000 T
   72    0.52398    2.00000 T
   73    0.17141    2.00000 S
   74   -0.69518    2.00000 S
   75    0.24029    2.00000 S
   76   -0.26867    2.00000 C
   77    0.79532    2.00000 S
   78   -0.27861    2.00000 S
   79   -0.71109    2.00000 S
   80   -1.34779    2.00000 S
   81    0.93132    2.00000 S
   82    0.61508    2.00000 S
   83   -0.53439    2.00000 S
   84   -0.51264    2.00000 T
   85   -0.46507    2.00000 T
   86   -0.37883    2.00000 S
   87    0.02010    2.00000 S
   88    0.44305    2.00000 S
   89   -0.16436    2.00000 S
   90    0.62527    2.00000 S
   91    1.03379    2.00000 S
   92    0.10903    2.00000 C
   93   -1.00845    2.00000 C
   94    0.42467    2.00000 C
   95   -0.39598    2.00000 C
   96   -0.42161    2.00000 T
   97   -0.90373    2.00000 T
   98   -0.79746    2.00000 C
   99   -1.40480    2.00000 C
  100   -0.95686    2.00000 S
  101    0.40839    2.00000 S
  102   -0.11758    2.00000 S
  103   -0.35034    2.00000 S
  104   -1.46506    2.00000 C
  105    0.64026    2.00000 C
  106   -0.90660    2.00000 C
  107    0.74510    2.00000 C
  108   -0.17136    2.00000 T
  109   -0.33350    2.00000 T
  110    1.01244    2.00000 C
  111   -0.31181    2.00000 S
  112   -0.91678    2.00000 S
  113    1.38342    2.00000 S
  114    1.25103    2.00000 S
  115   -0.40446    2.00000 S
  116   -1.71209    2.00000 S
  117   -0.53866    2.00000 S
  118   -0.75355    2.00000 S
  119   -0.08033    2.00000 T
  120   -1.08401    2.00000 T
  121   -0.44838    2.00000 S
  122    0.76900    2.00000 S
  123    0.98811    2.00000 S
  124    0.90605    2.00000 S
  125   -0.20428    2.00000 S
  126   -1.14333    2.00000 S
  127   -0.54950    2.00000 S
  128   -0.00583    2.00000 S
  129    1.10519    2.00000 S
  130    1.19474    2.00000 C
  131   -0.33235    2.00000 C
  132   -1.27956    2.00000 T
  133   -1.37711    2.00000 T
  134    0.20927    2.00000 C
  135    0.31711    2.00000 C
  136   -1.33781    2.00000 C
  137   -0.89853    2.00000 C
  138   -1.36800    2.00000 C
  139    0.04017    2.00000 C
  140   -1.05604    2.00000 C
  141    0.32238    2.00000 C
  142    0.66299    2.00000 T
  143   -0.08499    2.00000 T
  144   -1.53689    2.00000 C
  145    0.13918    2.00000 T
  146    1.17838    2.00000 T
  147    0.49210    2.00000 C
  148    1.19899    2.00000 S
  149    0.92684    2.00000 S
  150   -0.19967    2.00000 S
  151   -0.14166    2.00000 S
  152   -0.08407    2.00000 S
  153   -0.92597    2.00000 S
  154   -0.20051    2.00000 T
  155   -0.97930    2.00000 T
  156   -1.55226    2.00000 S
  157    0.36987    2.00000 S
  158   -0.11154    2.00000 S
  159    0.97358    2.00000 S
  160   -0.65713    2.00000 S
  161   -0.33370    2.00000 S
  162    0.01686    2.00000 S
  163    0.00922    2.00000 S
  164    0.42578    2.00000 S
  165   -1.10687    2.00000 S
  166    0.29017    2.00000 S
  167   -0.41419    2.00000 C
  168   -1.28182    2.00000 T
  169   -1.43127    2.00000 T
  170    0.12002    2.00000 C
  171   -0.04250    2.00000 C
  172    0.98803    2.00000 S
  173   -1.05534    2.00000 S
  174   -0.53408    2.00000 S
  175   -0.31417    2.00000 S
  176   -1.13454    2.00000 C
  177   -0.36665    2.00000 T
  178   -0.60178    2.00000 T
  179    3.56091    2.00000 C
  180    3.46968    2.00000 C
  181   -0.47530    2.00000 C
  182    0.76733    2.00000 C
  183   -1.95607    2.00000 C
  184   -1.45186    2.00000 C
  185    0.72228    2.00000 C
  186   -0.56139    2.00000 C
  187    0.31568    2.00000 C
  188   -0.34533    2.00000 C
  189   -1.43130    2.00000 C
  190   -1.56222    2.00000 C
  191   -1.35598    2.00000 C
  192   -1.16422    2.00000 C
  193   -0.06484    2.00000 C
  194   -0.44055    2.00000 C
  195   -1.19526    2.00000 C
  196   -0.19177    2.00000 C
  197    0.49628    2.00000 C
  198   -0.27906    2.00000 C
  199   -1.09316    2.00000 C
  200   -1.10482    2.00000 C
  201    0.43468    2.00000 H
  202   -1.16231    2.00000 H
  203   -0.30277    2.00000 H
  204    0.63607    2.00000 H
  205    1.57271    2.00000 H
  206    1.17886    2.00000 H
  207    0.18105    2.00000 H
  208    2.10117    2.00000 H
  209    2.01512    2.00000 H
  210    1.67176    2.00000 H
  211    0.89317    2.00000 H
  212    0.46137    2.00000 H
  213    0.01539    2.00000 H
  214   -1.08507    2.00000 T
  215   -0.18842    2.00000 T
  216   -0.17007    2.00000 C
  217   -1.81305    2.00000 C
  218   -0.17809    2.00000 T
  219   -0.68143    2.00000 T
  220    0.07727    2.00000 C
  221   -2.33992    2.00000 C
  222   -1.51648    2.00000 C
  223   -0.25866    2.00000 C
  224    0.08856    2.00000 C
  225   -1.42033    2.00000 C
  226    1.56117    2.00000 C
  227   -0.22727    2.00000 H
  228    1.02661    2.00000 H
  229   -0.36994    2.00000 H
  230    0.89177    2.00000 H
  231    1.28148    2.00000 H
  232    0.01812    2.00000 H
  233    0.01132    2.00000 H
  234   -0.42172    2.00000 H
  235   -0.79476    2.00000 H
  236   -1.25688    2.00000 H
  237    0.18581    2.00000 T
  238    0.23632    2.00000 T
  239   -1.29103    2.00000 C
  240   -1.70823    2.00000 C
  241    0.35671    2.00000 C
  242    0.17559    2.00000 C
  243    0.59577    2.00000 C
  244    1.38811    2.00000 H
  245   -0.02849    2.00000 H
  246    1.17963    2.00000 H
  247    1.01552    2.00000 H
  248    1.19129    2.00000 H
  249   -0.65245    2.00000 H
  250   -0.20621    2.00000 H
  251    0.56252    2.00000 H
  252    0.59981    2.00000 H
  253    0.23213    2.00000 H
  254    0.14003    2.00000 H
  255    0.95990    2.00000 H
  256   -0.55997    2.00000 H
  257   -1.23014    2.00000 H
  258    0.74781    2.00000 T
  259    0.47339    2.00000 C
  260    0.76886    2.00000 C
  261   -1.05731    2.00000 H
  262   -0.98686    2.00000 H
  263   -0.20094    2.00000 H
  264    0.66645    2.00000 H
  265    1.21788    2.00000 H
  266    0.77112    2.00000 H
  267    1.44741    2.00000 H
  268   -0.15070    2.00000 H
  269    0.92340    2.00000 H
  270    0.42582    2.00000 H
  271   -0.11321    2.00000 H
  272    0.76162    2.00000 H
  273    0.08183    2.00000 H
  274   -1.12495    2.00000 H
  275   -0.55214    2.00000 C
  276   -2.87145    2.00000 C
  277   -1.05927    2.00000 T
  278   -1.41306    2.00000 T
  279   -0.50169    2.00000 C
  280    0.18271    2.00000 C
  281    0.49776    2.00000 C
  282   -1.00372    2.00000 T
  283    0.21224    2.00000 T
  284   -1.47124    2.00000 C
  285    0.09744    2.00000 C
  286   -1.08293    2.00000 C
  287    0.77799    2.00000 C
  288   -0.76338    2.00000 C
  289   -0.10643    2.00000 C
  290   -0.70576    2.00000 C
  291    0.18624    2.00000 C
  292    2.82730    2.00000 C
  293    0.50902    2.00000 H
  294   -0.21534    2.00000 H
  295    1.44861    2.00000 H
  296    0.99081    2.00000 H
  297    0.74496    2.00000 H
  298   -0.40218    2.00000 H
  299   -1.52748    2.00000 H
  300   -1.23758    2.00000 H
  301   -1.65835    2.00000 H
  302   -0.12412    2.00000 T
  303   -1.18710    2.00000 C
  304   -0.64777    2.00000 C
  305   -0.14154    2.00000 C
  306    1.11486    2.00000 C
